N 1 -1464.14 726.912 0
N 2 1169.84 2142.13 1
N 3 226.085 -2112.58 1
N 4 925.979 1989.92 1
N 5 735.866 -1173.06 1
N 6 3232.27 1506.65 1
N 7 -1548.87 -280.026 1
N 8 -270.915 -389.97 1
N 9 1561.41 758.804 1
N 10 1525.17 604.243 1
N 11 1498.07 627.152 1
N 12 28.0248 -576.473 1
N 13 -201.532 516.569 1
N 14 -105.095 -293.365 1
N 15 2987.68 1256.2 1
N 16 2065.9 1405.34 1
N 17 1601.46 977.455 1
N 18 -1384.67 -928.288 1
N 19 -1420.62 1910.47 1
N 20 1693.97 1535.08 1
N 21 1551.91 614.948 1
N 22 -159.639 66.0845 1
N 23 794.401 3336.73 1
N 24 -289.722 426.925 1
N 25 -1136.63 1955.85 1
N 26 2449.62 574.648 1
N 27 852.713 2922.44 1
N 28 -222.25 2226.95 1
N 29 3566.85 2199.57 1
N 30 -177.159 -973.484 1
N 31 -1176.98 1842.3 1
N 32 1078.74 -1515.21 1
N 33 1011.17 3043.6 1
N 34 -1030.1 1957.42 1
N 35 -734.956 -266.358 1
N 36 -201.055 130.311 1
N 37 -275.58 -1588.02 1
N 38 2548.61 902.605 1
N 39 900.739 -387.805 1
N 40 4198.37 561.401 1
N 41 -747.584 1709.68 1
N 42 1802.66 2114.64 1
N 43 -857.549 -2517.03 1
N 44 1593.87 2270.73 1
N 45 -194.526 -1512.02 1
N 46 -429.327 -1627.32 1
N 47 554.089 -738.172 1
N 48 3866.36 -681.402 1
N 49 -1053.3 2027.64 1
N 50 -772.124 2214.73 1
N 51 102.599 1834.65 1
N 52 -1158.61 -2897.42 1
N 53 -1088.91 -426.53 1
N 54 -954.717 1817.79 1
N 55 -290.311 -2860.5 1
N 56 -702.779 -225.537 1
N 57 -1584.32 -355.538 1
N 58 1908.59 -138.433 1
N 59 -178.345 2095.84 1
N 60 -818.15 2408.28 1
N 61 2597.9 2321.83 1
N 62 -479.737 2412.95 1
N 63 1333.45 -630.762 1
N 64 908.949 -1046.25 1
N 65 1454.07 1855.98 1
N 66 -921.306 2520.02 1
N 67 866.96 2960.42 1
N 68 -854.802 -2515.78 1
N 69 -1227.87 -4.78629 1
N 70 -153.143 -399.747 1
N 71 -265.616 287.511 1
N 72 -675.334 -18.6017 1
N 73 -1088.08 -353.584 1
N 74 -627.309 -1646.43 1
N 75 3726.25 1610.42 1
N 76 1398.74 -250.05 1
N 77 -923.635 1650.76 1
N 78 942.143 2045.36 1
N 79 178.113 724.233 1
N 80 -1174.74 -164.372 1
N 81 1803.21 989.638 1
N 82 -271.116 645.4 1
N 83 2261.89 1784.03 1
N 84 2442.62 1931.7 1
N 85 966.155 -1022.5 1
N 86 -1631.65 -713.603 1
N 87 3745.6 2035.95 1
N 88 115.215 1759.83 1
N 89 -1085.28 29.2217 1
N 90 -430.542 2379.11 1
N 91 -84.0067 1966.71 1
N 92 954.578 -862.172 1
N 93 2358.25 1699.58 1
N 94 -1131.42 -904.736 1
N 95 -1417.31 54.6443 1
N 96 1589.65 1514.17 1
N 97 835.162 2659.85 1
N 98 -605.272 -1638.79 1
N 99 1518.39 1836.33 1
N 100 1014.9 3127.93 1
N 101 1539.57 1327.37 1
N 102 -493.019 -2577.8 1
N 103 -359.92 -1079.36 1
N 104 841.18 3038.62 1
N 105 838.461 3081.83 1
N 106 2554.67 617.305 1
N 107 -887.657 -633.103 1
N 108 4272.39 -748.225 1
N 109 -1619.94 -722.673 1
N 110 944.065 -947.291 1
N 111 -719.071 1629.77 1
N 112 2475.73 2650.17 1
N 113 2761.38 2212.46 1
N 114 886.48 -1850.46 1
N 115 491.899 -495.598 1
N 116 951.056 2570 1
N 117 -431.088 2275.86 1
N 118 -57.3378 -1013.23 1
N 119 -927.488 -825.993 1
N 120 -505.355 1494.04 1
N 121 -547.286 2195.36 1
N 122 883.105 3057.37 1
N 123 -1604.1 2131.74 1
N 124 1643.98 126.352 1
N 125 899.01 -815.233 1
N 126 -1380.82 1926.02 1
N 127 -213.447 258.191 1
N 128 874.398 2243.52 1
N 129 -384.985 -511.167 1
N 130 1067.91 2385.25 1
N 131 1206.74 -691.894 1
N 132 945.087 2608.24 1
N 133 2544.89 2020.53 1
N 134 1229.44 2881.11 1
N 135 2391.28 2549.16 1
N 136 2.16766 1748.74 1
N 137 -1612.1 2111.08 1
N 138 -782.298 -178.219 1
N 139 3347.15 1003.67 1
N 140 984.414 3305.28 1
N 141 -488.366 -198.078 1
N 142 3544.52 941.481 1
N 143 -123.673 2110.16 1
N 144 -1341.32 -267.218 1
N 145 -68.1623 -1047.72 1
N 146 -919.862 1845.85 1
N 147 -1508.45 -293.913 1
N 148 883.556 -2059.24 1
N 149 -1102.06 1773.04 1
N 150 -200.727 -565.201 1
N 151 -586.088 -1899.22 1
N 152 2058.07 1725.75 1
N 153 -527.856 1502.83 1
N 154 -121.623 -1151.79 1
N 155 -296.226 -2921.52 1
N 156 206.761 -188.145 1
N 157 1840.43 -560.656 1
N 158 2703.92 1870.67 1
N 159 977.941 3019.21 1
N 160 3927.86 689.55 1
N 161 -842.329 1645.36 1
N 162 -289.478 2321.39 1
N 163 686.937 -789.743 1
N 164 -746.168 2305.92 1
N 165 3546.67 1657.98 1
N 166 203.11 -2344.45 1
N 167 -1096.19 -1152.79 1
N 168 1731.9 2023.82 1
N 169 2915.12 1293.63 1
N 170 -76.7429 -996.061 1
N 171 -527.729 -264.351 1
N 172 1248.86 -927.791 1
N 173 -1195.98 31.6909 1
N 174 1418.97 3593.06 1
N 175 855.451 -1239.45 1
N 176 -1135.79 -115.748 1
N 177 -1669.71 -656.553 1
N 178 1568.89 465.662 1
N 179 3323.62 109.202 1
N 180 2132.73 668.577 1
N 181 -636.854 1583.65 1
N 182 2767.34 1971.39 1
N 183 -1186.18 1957.89 1
N 184 -721.29 -900.603 1
N 185 431.473 -1676.54 1
N 186 -231.92 -359.866 1
N 187 2261.87 -453.785 1
N 188 2556.18 1483.3 1
N 189 -543.254 -1441.1 1
N 190 -178.963 2065.17 1
N 191 -643.851 2160.37 1
N 192 -1450.52 -2634.23 1
N 193 -38.6372 1940.35 1
N 194 1580.46 478.845 1
N 195 -717.082 1672.51 1
N 196 2030.82 889.596 1
N 197 4186.14 354.357 1
N 198 2701.18 1540.83 1
N 199 1437.34 -225.039 1
N 200 1158.89 -647.557 1
N 201 1984.56 298.627 1
N 202 2706.82 1730.87 1
N 203 -765.049 -2091.14 1
N 204 1336.55 -2029.81 1
N 205 -166.381 2078.25 1
N 206 1207.79 -617.044 1
N 207 935.316 -1201.56 1
N 208 -1521.36 -320.692 1
N 209 -898.871 -529.657 1
N 210 3081.19 505.428 1
N 211 -931.96 32.1595 1
N 212 243.41 -1320.4 1
N 213 -651.524 -51.5445 1
N 214 1170.42 2202.39 1
N 215 4106.79 -166.022 1
N 216 -687.931 -135.66 1
N 217 2281.34 -347.897 1
N 218 2679.81 1612.51 1
N 219 3975.84 545.778 1
N 220 923.177 2024.76 1
N 221 1164.08 2086.43 1
N 222 3101.99 496.235 1
N 223 194.407 -1297.33 1
N 224 -1698.82 -1.03008 1
N 225 -353.727 -1169.1 1
N 226 -222.677 -549.116 1
N 227 -123.515 -156.029 1
N 228 -1393.59 -148.566 1
N 229 -218.735 -1015.51 1
N 230 -722.073 -630.944 1
N 231 -155.643 -441.491 1
N 232 3187.23 380.196 1
N 233 128.333 1741.28 1
N 234 1956.36 2481.91 1
N 235 -1552.17 -241.735 1
N 236 -1395.96 -1014.1 1
N 237 867.476 2062.77 1
N 238 1529.18 2297.51 1
N 239 1370.99 -1593.27 1
N 240 7.45059 1969.66 1
N 241 2723.55 1696.62 1
N 242 1876.27 327.991 1
N 243 -839.673 -116.487 1
N 244 -158.898 -366.476 1
N 245 -1585.26 -460.26 1
N 246 2.61296 1959.01 1
N 247 -52.0563 -2463.7 1
N 248 1613.6 723.124 1
N 249 890.825 2357.12 1
N 250 -813.515 1692.87 1
N 251 1469.12 410.546 1
N 252 1082.37 -1063.4 1
N 253 398.596 -1490.83 1
N 254 -1429.22 -249.983 1
N 255 152.278 1738.03 1
N 256 -415.853 -2282.04 1
N 257 -766.548 -910.219 1
N 258 92.0222 -1629.59 1
N 259 -1294.2 0.22868 1
N 260 1245.63 -856.069 1
N 261 1013.42 3880.72 1
N 262 1006.83 3059.14 1
N 263 -69.8314 1828.78 1
N 264 -324.079 -1900.67 1
N 265 3000.67 1244.05 1
N 266 -817.498 -2226.63 1
N 267 -357.565 -4.06468 1
N 268 1032.49 3647.86 1
N 269 -293.277 -1769.66 1
N 270 2255.74 689.574 1
N 271 0.87878 -1090.8 1
N 272 -44.649 1829.97 1
N 273 1468.04 -284.036 1
N 274 3895.25 422.737 1
N 275 3892.03 436.31 1
N 276 -659.678 1583.43 1
N 277 -1373.58 -96.3042 1
N 278 2033.39 756.049 1
N 279 238.672 817.351 1
N 280 1029.98 2992.48 1
N 281 -649.882 -349.477 1
N 282 -861.897 2145.2 1
N 283 3306.08 -350.536 1
N 284 2595.73 1780.4 1
N 285 -425.874 563.84 1
N 286 874.228 2142.53 1
N 287 2581.99 1777.04 1
N 288 -903.895 -2424.92 1
N 289 1094.35 2378.91 1
N 290 1332.55 -521.598 1
N 291 -1524.81 137.694 1
N 292 1099.76 2690.55 1
N 293 -1554.96 -655.472 1
N 294 1191.37 -1497.7 1
N 295 2105.97 -766.482 1
N 296 1535.8 -575.031 1
N 297 -661.17 -169.435 1
N 298 -511.978 2419.41 1
N 299 -1730.11 4.01619 1
N 300 -890.496 1687.92 1
N 301 890.518 1846.66 1
N 302 -632.887 -1697 1
N 303 -462.337 -1403.4 1
N 304 859.626 2956.06 1
N 305 -1066.5 1844.75 1
N 306 604.012 -1275.46 1
N 307 -1358.8 -2505.96 1
N 308 -609.862 2161.62 1
N 309 898.522 2394.3 1
N 310 -1207.99 -1060.05 1
N 311 -204.201 -498.032 1
N 312 1085.44 -1630.78 1
N 313 1259.77 -918.044 1
N 314 -893.879 -894.683 1
N 315 2104.38 -485.548 1
N 316 858.979 -1122.14 1
N 317 -302.052 -1047.53 1
N 318 -445.715 1895.46 1
N 319 -680.132 1601.42 1
N 320 -999.373 1801.81 1
N 321 303.561 1632.8 1
N 322 909.671 2842.83 1
N 323 1548.85 622.609 1
R -201.532 516.569 925.979 1989.92 1067.91 2385.25 909.671 2842.83 890.518 1846.66 874.398 2243.52 898.522 2394.3 841.18 3038.62 859.626 2956.06 874.228 2142.53 942.143 2045.36 923.177 2024.76 1529.18 2297.51 1170.42 2202.39 1169.84 2142.13
R -893.879 -894.683 -721.29 -900.603 -359.92 -1079.36 194.407 -1297.33 -177.159 -973.484 883.556 -2059.24 226.085 -2112.58 -302.052 -1047.53 -353.727 -1169.1 -76.7429 -996.061 -222.677 -549.116 -153.143 -399.747 1332.55 -521.598 1643.98 126.352 1336.55 -2029.81 1259.77 -918.044 1158.89 -647.557 1206.74 -691.894 -766.548 -910.219 -898.871 -529.657
R -68.1623 -1047.72 1370.99 -1593.27 1078.74 -1515.21 886.48 -1850.46 735.866 -1173.06 1535.8 -575.031 1333.45 -630.762 908.949 -1046.25 899.01 -815.233 554.089 -738.172 491.899 -495.598 1437.34 -225.039 1840.43 -560.656 686.937 -789.743
R 2987.68 1256.2 3232.27 1506.65 3975.84 545.778 3927.86 689.55 4186.14 354.357 4272.39 -748.225 3306.08 -350.536 3544.52 941.481 4198.37 561.401 4106.79 -166.022 3892.03 436.31 3895.25 422.737 3866.36 -681.402 3323.62 109.202
R -1227.87 -4.78629 -1085.28 29.2217 -1294.2 0.22868 -1698.82 -1.03008 -1552.17 -241.735 -1373.58 -96.3042 -1521.36 -320.692 -1584.32 -355.538 -1341.32 -267.218 -1524.81 137.694 -1508.45 -293.913 -1174.74 -164.372 -1429.22 -249.983 -1730.11 4.01619 -1548.87 -280.026
R -270.915 -389.97 -722.073 -630.944 -204.201 -498.032 -200.727 -565.201 -231.92 -359.866 -384.985 -511.167 -158.898 -366.476 -488.366 -198.078 -649.882 -349.477 -702.779 -225.537 -734.956 -266.358 -159.639 66.0845 -201.055 130.311 -687.931 -135.66 -661.17 -169.435 -527.729 -264.351
R 1498.07 627.152 1525.17 604.243 1613.6 723.124 2132.73 668.577 2554.67 617.305 2449.62 574.648 2030.82 889.596 1803.21 989.638 1551.91 614.948 1548.85 622.609 1984.56 298.627 1876.27 327.991 1568.89 465.662 1561.41 758.804 1580.46 478.845 206.761 -188.145 -425.874 563.84 -289.722 426.925
R -105.095 -293.365 28.0248 -576.473 900.739 -387.805 954.578 -862.172 1085.44 -1630.78 92.0222 -1629.59 398.596 -1490.83 243.41 -1320.4 855.451 -1239.45 431.473 -1676.54 604.012 -1275.46 -155.643 -441.491
R 1693.97 1535.08 2065.9 1405.34 1454.07 1855.98 1164.08 2086.43 1593.87 2270.73 1094.35 2378.91 951.056 2570 883.105 3057.37 852.713 2922.44 866.96 2960.42 835.162 2659.85 794.401 3336.73 1229.44 2881.11 1956.36 2481.91 1518.39 1836.33 1539.57 1327.37
R 2442.62 1931.7 2595.73 1780.4 2706.82 1730.87 1601.46 977.455 1589.65 1514.17 2358.25 1699.58 2548.61 902.605 2033.39 756.049 2556.18 1483.3 2058.07 1725.75 2767.34 1971.39 2679.81 1612.51 2701.18 1540.83 2581.99 1777.04 2723.55 1696.62
R -1088.08 -353.584 -1669.71 -656.553 -1585.26 -460.26 -1554.96 -655.472 -1384.67 -928.288 -1631.65 -713.603 -1619.94 -722.673 -1088.91 -426.53 -1131.42 -904.736 -927.488 -825.993 -887.657 -633.103 -1207.99 -1060.05 -1096.19 -1152.79 -1395.96 -1014.1 -1393.59 -148.566 -1195.98 31.6909 -931.96 32.1595
R -680.132 1601.42 -746.168 2305.92 -1186.18 1957.89 -659.678 1583.43 -1030.1 1957.42 -954.717 1817.79 -813.515 1692.87 -1420.62 1910.47 -1604.1 2131.74 -999.373 1801.81 -919.862 1845.85 -1612.1 2111.08 -1102.06 1773.04 -1176.98 1842.3 -1066.5 1844.75
R -651.524 -51.5445 -675.334 -18.6017 -782.298 -178.219 -839.673 -116.487 -357.565 -4.06468 178.113 724.233 238.672 817.351 -527.856 1502.83 -636.854 1583.65 -1136.63 1955.85 -1053.3 2027.64 -431.088 2275.86 -511.978 2419.41 7.45059 1969.66 -123.673 2110.16 -430.542 2379.11 102.599 1834.65
R -747.584 1709.68 -178.963 2065.17 -289.478 2321.39 -222.25 2226.95 -44.649 1829.97 303.561 1632.8 2.16766 1748.74 -69.8314 1828.78 -178.345 2095.84 -166.381 2078.25 2.61296 1959.01 -38.6372 1940.35 -84.0067 1966.71 128.333 1741.28 115.215 1759.83 152.278 1738.03
R 1802.66 2114.64 2544.89 2020.53 2703.92 1870.67 2597.9 2321.83 2761.38 2212.46 2391.28 2549.16 2475.73 2650.17 1731.9 2023.82 2261.89 1784.03 3546.67 1657.98 3726.25 1610.42 3745.6 2035.95 3566.85 2199.57
R 890.825 2357.12 867.476 2062.77 838.461 3081.83 1032.49 3647.86 1013.42 3880.72 977.941 3019.21 945.087 2608.24 984.414 3305.28 1418.97 3593.06 1014.9 3127.93 1006.83 3059.14 1029.98 2992.48 1011.17 3043.6 1099.76 2690.55
R 1245.63 -856.069 1398.74 -250.05 1469.12 410.546 944.065 -947.291 858.979 -1122.14 -415.853 -2282.04 -324.079 -1900.67 -1358.8 -2505.96 -1450.52 -2634.23 -429.327 -1627.32 -194.526 -1512.02 -605.272 -1638.79 -275.58 -1588.02 -293.277 -1769.66 -462.337 -1403.4
R -543.254 -1441.1 -627.309 -1646.43 203.11 -2344.45 -817.498 -2226.63 -296.226 -2921.52 -52.0563 -2463.7 -586.088 -1899.22 -854.802 -2515.78 -857.549 -2517.03 -1158.61 -2897.42 -290.311 -2860.5 -493.019 -2577.8 -903.895 -2424.92 -765.049 -2091.14 -632.887 -1697
R -842.329 1645.36 -1380.82 1926.02 -923.635 1650.76 -890.496 1687.92 -717.082 1672.51 -609.862 2161.62 -772.124 2214.73 -921.306 2520.02 -818.15 2408.28 -861.897 2145.2 -445.715 1895.46 -479.737 2412.95 -643.851 2160.37 -547.286 2195.36 -719.071 1629.77 -505.355 1494.04
R 1207.79 -617.044 1468.04 -284.036 2105.97 -766.482 2104.38 -485.548 2281.34 -347.897 3187.23 380.196 3101.99 496.235 3081.19 505.428 2915.12 1293.63 3000.67 1244.05 3347.15 1003.67 2255.74 689.574 2261.87 -453.785 1908.59 -138.433
R -1417.31 54.6443 -1135.79 -115.748 -271.116 645.4 -123.515 -156.029 -213.447 258.191 -57.3378 -1013.23 0.87878 -1090.8 -121.623 -1151.79 -218.735 -1015.51 935.316 -1201.56 966.155 -1022.5 1191.37 -1497.7 1082.37 -1063.4 1248.86 -927.791 -265.616 287.511
